sample_stamp_sec,sample_stamp_nanosec,actual_pos_stamp_sec,actual_pos_stamp_nanosec,actual_pos_x,actual_pos_y,actual_pos_z,target_pos_stamp_sec,target_pos_stamp_nanosec,target_pos_x,target_pos_y,target_pos_z,distance,distance_sum,hdg,hdg_target,hdg_distance,hdg_distance_total
1760848104,199318623,1760848104,223452224,25.94507598876953,11.77451229095459,66.49351501464844,1760848104,175051436,28.867465538636424,12.532838336802953,77.76719387928885,11.670958,11.670958,,207.9883270263672,0.0,0.0
1760848104,699307168,1760848104,723698752,26.664382934570312,11.970207214355469,68.81024169921875,1760848104,675051441,29.68715343901394,12.770591031046294,80.2718470010897,11.880495,23.551452,,209.1846923828125,0.0,0.0
1760848105,199353933,1760848105,173698752,27.317035675048828,12.150240898132324,70.89952087402344,1760848105,175053021,30.506233162943857,13.008903730305803,82.75822953263527,12.310047,35.861499,,210.30426025390625,0.0,0.0
1760848105,699397999,1760848105,673819584,28.048131942749023,12.352225303649902,73.21971893310547,1760848105,675061590,31.324629439210725,13.247782895425253,85.22479097861216,12.476346,48.337845,,211.3480987548828,0.0,0.0
1760848106,199365170,1760848106,174068672,28.78450584411621,12.55746841430664,75.5308837890625,1760848106,175069187,32.142251467035834,13.487230424831907,87.66995383158462,12.629170,60.967015,,212.31735229492188,0.0,0.0
1760848106,699393775,1760848106,674316224,29.531631469726562,12.768326759338379,77.8587417602539,1760848106,675052927,32.958963415861604,13.727234892074307,90.09202960782758,12.740465,73.707480,,213.2132568359375,0.0,0.0
1760848107,199306030,1760848107,174563520,30.285438537597656,12.982671737670898,80.18363952636719,1760848107,175071061,33.77477870224308,13.967828700675376,92.48979469578273,12.829165,86.536645,,214.0372772216797,0.0,0.0
1760848107,699354208,1760848107,674811840,31.046777725219727,13.200578689575195,82.50404357910156,1760848107,675046053,34.58948518438555,14.208977736789649,94.8613852658079,12.894632,99.431278,,214.79078674316406,0.0,0.0
1760848108,199356882,1760848108,174932416,31.814502716064453,13.423788070678711,84.81195068359375,1760848108,175067511,35.40317121445625,14.450736718737879,97.20583896068946,12.943787,112.375065,,215.47552490234375,0.0,0.0
1760848108,699356199,1760848108,675180480,32.591522216796875,13.649955749511719,87.12861633300781,1760848108,675058081,36.21551936201098,14.693039833321272,99.52104847955997,12.953523,125.328588,,216.09298706054688,0.0,0.0
1760848109,199358689,1760848109,175303104,33.37158966064453,13.87661075592041,89.42801666259766,1760848109,175081040,37.0266520244638,14.93595208554435,101.8061961841818,12.949943,138.278530,,216.64511108398438,0.0,0.0
1760848109,699386548,1760848109,675421632,34.161659240722656,14.106878280639648,91.72024536132812,1760848109,675061290,37.83632351107076,15.1794285099107,104.0594476069446,12.919343,151.197874,,217.13365173339844,0.0,0.0
1760848110,199347250,1760848110,175541696,34.960487365722656,14.341631889343262,93.99971008300781,1760848110,175044705,38.644522762256315,15.423494269383411,106.27966141884956,12.866225,164.064099,,217.5606231689453,0.0,0.0
1760848110,699372081,1760848110,675661760,35.77240753173828,14.583033561706543,96.28487396240234,1760848110,674999195,39.451107695012325,15.668135006460751,108.46536448201817,12.770068,176.834167,,217.9280548095703,0.0,0.0
1760848111,199309819,1760848111,225897792,36.671836853027344,14.85197925567627,98.78359985351562,1760848111,175071314,40.25623865336556,15.913428323404787,110.61592690745081,12.408810,189.242977,,218.2381591796875,0.0,0.0
1760848111,699325783,1760848111,676020416,37.41348648071289,15.075050354003906,100.81549072265625,1760848111,675023879,41.05942972519301,16.15925486977376,112.72902575967132,12.506027,201.749004,,218.49298095703125,0.0,0.0
1760848112,199354960,1760848112,176143296,38.24522018432617,15.325711250305176,103.05193328857422,1760848112,175061793,41.86093930530723,16.4057223415943,114.80435033285767,12.343385,214.092389,,218.69493103027344,0.0,0.0
1760848112,699331529,1760848112,726508352,39.1715087890625,15.605874061584473,105.49443054199219,1760848112,675049661,42.66046075204392,16.652765348097155,116.84014100013673,11.916120,226.008509,,218.8462677001953,0.0,0.0
1760848113,199332404,1760848113,226747968,40.02240753173828,15.864109992980957,107.69792175292969,1760848113,175059586,43.45801909261948,16.90042031840855,118.8355359430895,11.701445,237.709954,,218.9494171142578,0.0,0.0
1760848113,699363234,1760848113,676873664,40.794342041015625,16.09907341003418,109.66432189941406,1760848113,675053956,44.25347103297162,17.148671602116075,120.78928179789246,11.697520,249.407474,,219.00685119628906,0.0,0.0
1760848114,199375433,1760848114,177119168,41.65889358520508,16.363475799560547,111.82034301757812,1760848114,175040399,45.046745153702744,17.39752568299997,122.70034619479128,11.442083,260.849557,,219.02110290527344,0.0,0.0
1760848114,699364722,1760848114,677238720,42.533199310302734,16.63225746154785,113.95286560058594,1760848114,675147789,45.83797164918283,17.64705277905488,124.56820491085674,11.164083,272.013640,,218.99472045898438,0.0,0.0
1760848115,199365703,1760848115,177361344,43.415245056152344,16.90501594543457,116.06217193603516,1760848115,175067097,46.62654275302921,17.89708985555515,126.39064421014648,10.861583,282.875223,,218.9303436279297,0.0,0.0
1760848115,699362766,1760848115,677598656,44.306583404541016,17.184127807617188,118.14593505859375,1760848115,675047318,47.41279694763389,18.147772641599843,128.16771214084142,10.536280,293.411503,,218.8306121826172,0.0,0.0
1760848116,199351219,1760848116,177841600,45.205970764160156,17.468034744262695,120.19535827636719,1760848116,175098490,48.196661780602426,18.39910761437673,129.8985154969995,10.196195,303.607698,,218.69821166992188,0.0,0.0
1760848116,699347687,1760848116,677959616,46.11175537109375,17.753950119018555,122.20662689208984,1760848116,675040415,48.977766601968256,18.651004805036777,131.58156615274854,9.844197,313.451895,,218.53590393066406,0.0,0.0
1760848117,199351440,1760848117,178296768,47.032188415527344,18.04550552368164,124.20267486572266,1760848117,175066469,49.75633157804813,18.903564174909796,133.2167063593725,9.455685,322.907580,,218.34640502929688,0.0,0.0
1760848117,699353318,1760848117,678418624,47.959510803222656,18.341228485107422,126.16338348388672,1760848117,675030086,50.532043436889694,19.156713298403233,134.80267980267823,9.050988,331.958568,,218.1325225830078,0.0,0.0
1760848118,199355227,1760848118,178662848,48.89441680908203,18.640518188476562,128.08181762695312,1760848118,175063315,51.30502514460011,19.410521478649457,136.33918136273562,8.636434,340.595002,,217.89698791503906,0.0,0.0
1760848118,699348776,1760848118,678779584,49.83401107788086,18.94346046447754,129.95162963867188,1760848118,675048968,52.075011380852544,19.66493087481193,137.82516579487557,8.217979,348.812980,,217.6426544189453,0.0,0.0
1760848119,199369246,1760848119,179017408,50.78727340698242,19.254302978515625,131.79244995117188,1760848119,175029664,52.842015532872466,19.919974959258525,139.2601895871017,7.773816,356.586797,,217.372314453125,0.0,0.0
1760848119,699378355,1760848119,679141312,51.7453498840332,19.56771469116211,133.58863830566406,1760848119,675020068,53.60588877657386,20.17563341372646,140.64354401728934,7.321398,363.908195,,217.0887908935547,0.0,0.0
1760848120,199355622,1760848120,179496384,52.71117401123047,19.886789321899414,135.34019470214844,1760848120,175059190,54.36670200988243,20.431959459426885,141.974961161075,6.859891,370.768086,,216.79481506347656,0.0,0.0
1760848120,699356986,1760848120,679614656,53.681827545166016,20.20905113220215,137.04022216796875,1760848120,675075913,55.12423373354261,20.688908048840183,143.25369798885504,6.396724,377.164810,,216.49325561523438,0.0,0.0
1760848121,199354110,1760848121,179733440,54.664127349853516,20.538257598876953,138.70372009277344,1760848121,175086649,55.87842595608265,20.946488733193434,144.47935442622008,5.916006,383.080816,,216.1868896484375,0.0,0.0
1760848121,699373100,1760848121,679975104,55.6473274230957,20.871826171875,140.3172149658203,1760848121,675108796,56.62922279698586,21.2047118521051,145.65157571369042,5.434182,388.514998,,215.87844848632812,0.0,0.0
1760848122,199351336,1760848122,180218048,56.62985610961914,21.207984924316406,141.87875366210938,1760848122,175076954,57.37644706742685,21.463545660171697,146.76987118605066,4.954366,393.469364,,215.5707244873047,0.0,0.0
1760848122,699366059,1760848122,680336064,57.586517333984375,21.53709602355957,143.37986755371094,1760848122,675073363,58.120147396863274,21.723036349142127,147.83413965965536,4.489975,397.959339,,215.26637268066406,0.0,0.0
1760848123,199342761,1760848123,180579520,58.51039505004883,21.856786727905273,144.83346557617188,1760848123,175053441,58.86016967805551,21.983159732587104,148.8440246042059,4.027766,401.987104,,214.9680938720703,0.0,0.0
1760848123,699367582,1760848123,680825792,59.388980865478516,22.159875869750977,146.2226104736328,1760848123,675081237,59.5965343283919,22.243952718544335,149.7994585470623,3.583851,405.570956,,214.6785125732422,0.0,0.0
1760848124,199347378,1760848124,180946368,60.23064041137695,22.454345703125,147.55384826660156,1760848124,175115845,60.32911483743683,22.505400489840795,150.70021998827747,3.148326,408.719282,,214.40020751953125,0.0,0.0
1760848124,699331440,1760848124,681193408,61.03828048706055,22.740297317504883,148.82321166992188,1760848124,675130095,61.0577552233801,22.767476901013396,151.54611581824787,2.723109,411.442391,,214.1357879638672,0.0,0.0
1760848125,199334419,1760848125,181317568,61.817039489746094,23.02052116394043,150.03240966796875,1760848125,175046691,61.78229816281387,23.030154248242944,152.33702175446928,2.304894,413.747285,,213.8877716064453,0.0,0.0
1760848125,699354797,1760848125,681439168,62.568748474121094,23.29575538635254,151.17686462402344,1760848125,675027095,62.50289184526241,23.29351579077057,153.07318604652212,1.897466,415.644751,,213.6584930419922,0.0,0.0
1760848126,199368484,1760848126,181674688,63.299442291259766,23.564815521240234,152.25274658203125,1760848126,175061701,63.21945122386418,23.557560989171577,153.7546284336845,1.504028,417.148779,,213.4503631591797,0.0,0.0
1760848126,699374765,1760848126,681793216,64.01188659667969,23.83053207397461,153.2524871826172,1760848126,675023729,63.93170654870855,23.822220131645537,154.38126310893801,1.131651,418.280430,,213.26576232910156,0.0,0.0
1760848127,199364783,1760848127,182038720,64.7139663696289,24.094730377197266,154.17617797851562,1760848127,175048011,64.63978154076119,24.087568957843807,154.9534115582113,0.780799,419.061229,,213.10684204101562,0.0,0.0
1760848127,699330548,1760848127,682395840,65.40550231933594,24.356626510620117,155.02035522460938,1760848127,675024406,65.3434409595962,24.35354930414173,155.4711345036867,0.455042,419.516271,,212.97584533691406,0.0,0.0
1760848128,199335366,1760848128,182636224,66.09176635742188,24.620403289794922,155.78233337402344,1760848128,175203490,66.04296617086726,24.620298566307397,155.93491026270078,0.160191,419.676462,,212.87481689453125,0.0,0.0
1760848128,699338979,1760848128,682844096,66.772705078125,24.88527488708496,156.4546356201172,1760848128,675057534,66.73753318216723,24.887531625639305,156.34454868526186,0.115591,419.792053,,212.8058319091797,0.0,0.0

Total distance between samples,,,,,,,,,,,,TOTAL_DISTANCE,419.792053
